 na=         114
 va=   75.0000000000000      mm/sec
 ma=  0.829999983310699      g
 Ia=   31.0000000000000      gmm^2
 np=           1
 mp=   3.25000000000000      g
 Ip=   341.000000000000      gmm^2
 GAMMAT_a=   4.87387609481812      g/sec
 GAMMAT_p=   45.7387619018555      g/sec
 GAMMAR=   183.651824951172      gmm^2/sec
 
 l1=   12.7721750691378      mm
 t1=  0.170295667588504      sec
 t2=  0.168797669221322      sec
 t3=  7.105570559548002E-002 sec
 t4=   1.85677436143454      sec
 
 values in scaled unit
 vas=   1.00000000000000     
 Dts_a=  8.216801829741079E-002
 Dts_p=  1.461510372957595E-003
 Drs=  0.327143418708388     
 lbox=   23.4885599653977     
 ra=  0.587213999134943     
 rp=   1.17442799826989     
 epsilon_sa=  0.433358038052520     
 epsilon_sp=  4.617819316346156E-002
